[gd_scene load_steps=12 format=3 uid="uid://i0wct16b8g5y"]

[ext_resource type="PackedScene" uid="uid://b4fg85m5t4wuw" path="res://actors/models/character_exercise_01_2024_01_06.glb" id="1_gjkax"]
[ext_resource type="Script" path="res://actors/models/humanoid_model.gd" id="2_tbpui"]
[ext_resource type="PackedScene" uid="uid://b11i612qmwnqp" path="res://actors/models/weapon_gauntlet.tscn" id="3_4e873"]
[ext_resource type="PackedScene" uid="uid://seggs0vb84xb" path="res://actors/models/limb_model.tscn" id="3_kulp1"]
[ext_resource type="Script" path="res://actors/models/hurtbox.gd" id="5_ccxe5"]
[ext_resource type="Script" path="res://game/interactions/hit_info.gd" id="6_u6dvx"]

[sub_resource type="SphereMesh" id="SphereMesh_jjqjs"]
radius = 0.15
height = 0.3

[sub_resource type="SphereShape3D" id="SphereShape3D_i3fwk"]
radius = 0.8

[sub_resource type="SphereShape3D" id="SphereShape3D_xdrfl"]
radius = 0.8

[sub_resource type="SphereShape3D" id="SphereShape3D_5edag"]
radius = 0.6

[sub_resource type="CylinderShape3D" id="CylinderShape3D_g2gbb"]
height = 1.74462
radius = 1.06518

[node name="character_exercise_01_2024_01_06" instance=ExtResource("1_gjkax")]
script = ExtResource("2_tbpui")

[node name="GeneralSkeleton" parent="Armature" index="0"]
bones/0/position = Vector3(-0.0594182, 0.858433, 0.177786)
bones/0/rotation = Quaternion(0.0686488, -0.421168, 0.0520001, 0.902884)
bones/0/scale = Vector3(1, 1, 1)
bones/1/rotation = Quaternion(0.686973, 0.28779, 0.632794, -0.211698)
bones/1/scale = Vector3(1, 1, 1)
bones/2/rotation = Quaternion(-0.0697718, -0.700949, 0.0955034, 0.703336)
bones/3/rotation = Quaternion(-0.0309684, 0.000655713, 0.413429, 0.910009)
bones/4/rotation = Quaternion(0.754772, 0.653055, 0.0619548, -1.10964e-07)
bones/4/scale = Vector3(1, 1, 1)
bones/5/rotation = Quaternion(0.199879, 0.043891, -0.00896287, 0.978796)
bones/6/rotation = Quaternion(0.0324898, 7.028e-08, 1.55215e-08, 0.999472)
bones/6/scale = Vector3(1, 1, 1)
bones/7/rotation = Quaternion(-0.221473, -9.35535e-09, -1.0846e-07, 0.975166)
bones/7/scale = Vector3(1, 1, 1)
bones/8/rotation = Quaternion(0.0355527, -0.136195, -0.779216, 0.610745)
bones/8/scale = Vector3(1, 1, 1)
bones/9/rotation = Quaternion(-0.158223, 0.00439507, 0.0648825, 0.98526)
bones/10/rotation = Quaternion(0.674172, 4.09782e-08, 0.182433, 0.715689)
bones/10/scale = Vector3(1, 1, 1)
bones/11/rotation = Quaternion(0.0735652, 3.35183e-08, 0.019907, 0.997092)
bones/13/rotation = Quaternion(0.0355525, 0.136195, 0.779216, 0.610745)
bones/14/rotation = Quaternion(-0.00886496, -0.298116, 0.139578, 0.944228)
bones/15/rotation = Quaternion(0.86687, -1.21072e-07, -0.234577, 0.439898)
bones/15/scale = Vector3(1, 1, 1)
bones/16/rotation = Quaternion(0.0735652, -9.0892e-08, -0.019907, 0.997092)
bones/17/rotation = Quaternion(0.392523, -0.50784, -0.452982, 0.618735)
bones/17/scale = Vector3(1, 1, 1)
bones/18/rotation = Quaternion(-0.627579, 0.305583, 0.691741, 0.185091)
bones/18/scale = Vector3(1, 1, 1)
bones/19/rotation = Quaternion(-0.134434, 0.21141, 0.06477, 0.965939)
bones/19/scale = Vector3(1, 1, 1)
bones/20/rotation = Quaternion(-0.0276565, -0.000669303, -0.369215, 0.928932)
bones/20/scale = Vector3(1, 1, 1)
bones/21/rotation = Quaternion(0.598125, -0.763369, 0.234263, 0.0680807)
bones/22/position = Vector3(0.305235, 0.424749, 0.548674)
bones/22/rotation = Quaternion(0.476351, 0.513625, 0.570268, 0.429038)
bones/23/position = Vector3(0.551372, 1.3055, 0.946686)
bones/23/scale = Vector3(1, 1, 1)
bones/24/position = Vector3(0.117419, 4.63255e-05, 0.316124)
bones/25/position = Vector3(0.0350866, 1.13976, 0.784439)
bones/26/position = Vector3(-0.614866, 0.34195, 0.195354)
bones/26/rotation = Quaternion(-0.476351, 0.513625, 0.570268, -0.429038)
bones/27/position = Vector3(-0.527664, 1.12608, -0.179182)
bones/27/scale = Vector3(1, 1, 1)
bones/28/position = Vector3(-0.192244, 4.63255e-05, -0.11638)
bones/29/position = Vector3(-0.420213, 0.9854, 0.201629)

[node name="meshes" type="Node3D" parent="." index="2"]

[node name="MidBack" type="BoneAttachment3D" parent="meshes" index="0"]
transform = Transform3D(0.639826, -0.151726, -0.753393, 0.0360749, 0.985166, -0.167765, 0.767673, 0.0801622, 0.635809, -0.0594182, 0.858433, 0.177786)
bone_name = "MidBack"
bone_idx = 0
use_external_skeleton = true
external_skeleton = NodePath("../../Armature/GeneralSkeleton")

[node name="limb_model2" parent="meshes/MidBack" index="0" instance=ExtResource("3_kulp1")]
transform = Transform3D(0.076905, 0, 0, 0, 0.341807, 0, 0, 0, 0.0922751, 0.0114918, 0.134764, 0.000793076)
skeleton = NodePath("../../UpperLeg_R")

[node name="UpperLeg_R" type="BoneAttachment3D" parent="meshes" index="1"]
transform = Transform3D(0.827744, -0.401668, -0.391793, -0.284705, -0.902347, 0.323593, -0.48351, -0.156307, -0.86127, -0.142569, 0.667789, 0.0904585)
bone_name = "UpperLeg.R"
bone_idx = 19
use_external_skeleton = true
external_skeleton = NodePath("../../Armature/GeneralSkeleton")

[node name="limb_model" parent="meshes/UpperLeg_R" index="0" instance=ExtResource("3_kulp1")]
transform = Transform3D(0.076905, 0, 0, 0, 0.341807, 0, 0, 0, 0.0922751, -5.92813e-09, 0.18461, 2.88516e-09)

[node name="LowerLeg_R" type="BoneAttachment3D" parent="meshes" index="2"]
transform = Transform3D(0.869089, 0.296218, -0.396155, 0.418862, -0.866722, 0.270827, -0.263132, -0.401307, -0.877334, -0.299768, 0.314643, 0.0292856)
bone_name = "LowerLeg.R"
bone_idx = 20
use_external_skeleton = true
external_skeleton = NodePath("../../Armature/GeneralSkeleton")

[node name="limb_model" parent="meshes/LowerLeg_R" index="0" instance=ExtResource("3_kulp1")]
transform = Transform3D(0.0996622, 0, 0, 0, 0.333452, 0, 0, 0, 0.0996622, 8.3545e-09, 0.185774, 0)

[node name="UpperLeg_L" type="BoneAttachment3D" parent="meshes" index="3"]
transform = Transform3D(0.561425, 0.388788, 0.73051, 0.504246, -0.860675, 0.0705322, 0.656154, 0.328758, -0.679249, 0.0408026, 0.681046, 0.27461)
bone_name = "UpperLeg.L"
bone_idx = 2
use_external_skeleton = true
external_skeleton = NodePath("../../Armature/GeneralSkeleton")

[node name="limb_model2" parent="meshes/UpperLeg_L" index="0" instance=ExtResource("3_kulp1")]
transform = Transform3D(0.076905, 0, 0, 0, 0.341807, 0, 0, 0, 0.0922751, 0, 0.183369, 9.61719e-10)
skeleton = NodePath("../../UpperLeg_R")

[node name="LowerLeg_L" type="BoneAttachment3D" parent="meshes" index="4"]
transform = Transform3D(0.642452, -0.208108, 0.737526, -0.317599, -0.948181, 0.00910974, 0.697413, -0.240091, -0.675256, 0.19296, 0.344209, 0.403274)
bone_name = "LowerLeg.L"
bone_idx = 3
use_external_skeleton = true
external_skeleton = NodePath("../../Armature/GeneralSkeleton")

[node name="limb_model" parent="meshes/LowerLeg_L" index="0" instance=ExtResource("3_kulp1")]
transform = Transform3D(0.0996622, 0, 0, 9.31323e-10, 0.333452, -3.7835e-10, 1.16415e-10, -1.74623e-10, 0.0996622, -2.98023e-08, 0.187242, 7.45058e-09)

[node name="UpperNeck" type="BoneAttachment3D" parent="meshes" index="5"]
transform = Transform3D(0.70469, -0.166398, -0.689727, 0.0509457, 0.981467, -0.18473, 0.707684, 0.0950389, 0.700107, -0.17158, 1.29417, 0.258104)
bone_name = "UpperNeck"
bone_idx = 7
use_external_skeleton = true
external_skeleton = NodePath("../../Armature/GeneralSkeleton")

[node name="MeshInstance3D" type="MeshInstance3D" parent="meshes/UpperNeck" index="0"]
transform = Transform3D(1, 0, 0, 0, 1, 0, 0, 0, 1, -4.65661e-10, 0.151682, 0)
mesh = SubResource("SphereMesh_jjqjs")

[node name="arm_upper_l" type="BoneAttachment3D" parent="meshes" index="6"]
transform = Transform3D(0.252179, 0.793008, -0.554567, -0.897702, -0.0222574, -0.44004, -0.361298, 0.608805, 0.706272, -0.0185055, 1.19797, 0.40452)
bone_name = "Arm.Upper.L"
bone_idx = 9
use_external_skeleton = true
external_skeleton = NodePath("../../Armature/GeneralSkeleton")

[node name="limb_model" parent="meshes/arm_upper_l" index="0" instance=ExtResource("3_kulp1")]
transform = Transform3D(0.1, 0, 0, 0, 0.302256, 0, 0, 0, 0.1, 1.11759e-09, 0.13484, -7.45058e-10)

[node name="arm_upper_r" type="BoneAttachment3D" parent="meshes" index="7"]
transform = Transform3D(-0.855119, -0.516066, -0.0494688, 0.368826, -0.538522, -0.757602, 0.364333, -0.666086, 0.650839, -0.309662, 1.17692, 0.112126)
bone_name = "Arm.Upper.R"
bone_idx = 14
use_external_skeleton = true
external_skeleton = NodePath("../../Armature/GeneralSkeleton")

[node name="limb_model" parent="meshes/arm_upper_r" index="0" instance=ExtResource("3_kulp1")]
transform = Transform3D(0.1, 0, 0, 0, 0.302256, 0, 0, 0, 0.1, 1.11759e-09, 0.13484, -7.45058e-10)

[node name="arm_lower_l" type="BoneAttachment3D" parent="meshes" index="8"]
transform = Transform3D(0.306058, -0.58164, -0.753673, -0.952002, -0.190762, -0.239377, -0.00454091, 0.790761, -0.612107, 0.194346, 1.19199, 0.56793)
bone_name = "Arm.Lower.L"
bone_idx = 10
use_external_skeleton = true
external_skeleton = NodePath("../../Armature/GeneralSkeleton")

[node name="limb_model" parent="meshes/arm_lower_l" index="0" instance=ExtResource("3_kulp1")]
transform = Transform3D(0.1, 0, 0, 0, 0.25, 0, 0, 0, 0.1, 1.11759e-09, 0.13484, -7.45058e-10)

[node name="arm_upper_r2" type="BoneAttachment3D" parent="meshes" index="9"]
transform = Transform3D(-0.634386, 0.10213, 0.76624, 0.74749, -0.171578, 0.641732, 0.19701, 0.979862, 0.0325053, -0.448179, 1.03237, -0.0666581)
bone_name = "Arm.Lower.R"
bone_idx = 15
use_external_skeleton = true
external_skeleton = NodePath("../../Armature/GeneralSkeleton")

[node name="limb_model" parent="meshes/arm_upper_r2" index="0" instance=ExtResource("3_kulp1")]
transform = Transform3D(0.1, 0, 0, 0, 0.25, 0, 0, 0, 0.1, 1.11759e-09, 0.13484, -7.45058e-10)

[node name="hand_l" type="BoneAttachment3D" parent="meshes" index="10"]
transform = Transform3D(0.280518, -0.697599, -0.659291, -0.959521, -0.185871, -0.21159, 0.0250617, 0.691958, -0.721502, 0.0350848, 1.13976, 0.784451)
bone_name = "Hand.L"
bone_idx = 11
use_external_skeleton = true
external_skeleton = NodePath("../../Armature/GeneralSkeleton")

[node name="weapon_gauntlet" parent="meshes/hand_l" index="0" instance=ExtResource("3_4e873")]
transform = Transform3D(1, 0, 0, 0, 1, 0, 1.49012e-08, 0, 1, 0, 0.103306, 7.45058e-09)

[node name="hand_r" type="BoneAttachment3D" parent="meshes" index="11"]
transform = Transform3D(-0.640182, 0.188169, 0.744822, 0.751829, -0.0457672, 0.657767, 0.15786, 0.98107, -0.112172, -0.420214, 0.985392, 0.201642)
bone_name = "Hand.R"
bone_idx = 16
use_external_skeleton = true
external_skeleton = NodePath("../../Armature/GeneralSkeleton")

[node name="weapon_gauntlet" parent="meshes/hand_r" index="0" instance=ExtResource("3_4e873")]
transform = Transform3D(1, 0, -1.49012e-08, 0, 1, 0, 1.49012e-08, 0, 1, 1.11759e-08, 0.134162, 2.11876e-08)
skeleton = NodePath("../../arm_upper_l")

[node name="hitboxes" type="Node3D" parent="." index="3"]

[node name="hand_l" type="BoneAttachment3D" parent="hitboxes" index="0"]
transform = Transform3D(0.280518, -0.697599, -0.659291, -0.959521, -0.185871, -0.21159, 0.0250617, 0.691958, -0.721502, 0.0350848, 1.13976, 0.784451)
bone_name = "Hand.L"
bone_idx = 11
use_external_skeleton = true
external_skeleton = NodePath("../../Armature/GeneralSkeleton")

[node name="Area3D" type="Area3D" parent="hitboxes/hand_l" index="0"]
collision_layer = 16
collision_mask = 8
script = ExtResource("5_ccxe5")

[node name="CollisionShape3D" type="CollisionShape3D" parent="hitboxes/hand_l/Area3D" index="0"]
shape = SubResource("SphereShape3D_i3fwk")

[node name="foot_l" type="BoneAttachment3D" parent="hitboxes" index="1"]
transform = Transform3D(-0.0466463, 0.723619, -0.68862, -0.978141, -0.172938, -0.11547, -0.202645, 0.668181, 0.715868, 0.11742, 2.96831e-05, 0.316124)
bone_name = "Foot.L"
bone_idx = 4
use_external_skeleton = true
external_skeleton = NodePath("../../Armature/GeneralSkeleton")

[node name="Area3D" type="Area3D" parent="hitboxes/foot_l" index="0"]
collision_layer = 16
collision_mask = 8
script = ExtResource("5_ccxe5")

[node name="CollisionShape3D" type="CollisionShape3D" parent="hitboxes/foot_l/Area3D" index="0"]
shape = SubResource("SphereShape3D_i3fwk")
disabled = true

[node name="foot_r" type="BoneAttachment3D" parent="hitboxes" index="2"]
transform = Transform3D(-0.652439, -0.660173, 0.372149, 0.752593, -0.62211, 0.215831, 0.0890316, 0.420893, 0.90273, -0.192244, 3.23951e-05, -0.116384)
bone_name = "Foot.R"
bone_idx = 21
use_external_skeleton = true
external_skeleton = NodePath("../../Armature/GeneralSkeleton")

[node name="Area3D" type="Area3D" parent="hitboxes/foot_r" index="0"]
collision_layer = 16
collision_mask = 8
script = ExtResource("5_ccxe5")

[node name="CollisionShape3D" type="CollisionShape3D" parent="hitboxes/foot_r/Area3D" index="0"]
shape = SubResource("SphereShape3D_xdrfl")

[node name="hand_r" type="BoneAttachment3D" parent="hitboxes" index="3"]
transform = Transform3D(-0.640182, 0.188169, 0.744822, 0.751829, -0.0457672, 0.657767, 0.15786, 0.98107, -0.112172, -0.420214, 0.985392, 0.201642)
bone_name = "Hand.R"
bone_idx = 16
use_external_skeleton = true
external_skeleton = NodePath("../../Armature/GeneralSkeleton")

[node name="Area3D" type="Area3D" parent="hitboxes/hand_r" index="0"]
collision_layer = 16
collision_mask = 8
script = ExtResource("5_ccxe5")

[node name="CollisionShape3D" type="CollisionShape3D" parent="hitboxes/hand_r/Area3D" index="0"]
shape = SubResource("SphereShape3D_5edag")

[node name="launched_aoe" type="Area3D" parent="hitboxes" index="4"]
transform = Transform3D(1, 0, 0, 0, 1, 0, 0, 0, 1, 0, 0.7, 0)
collision_layer = 16
collision_mask = 8
monitoring = false
monitorable = false

[node name="CollisionShape3D" type="CollisionShape3D" parent="hitboxes/launched_aoe" index="0"]
transform = Transform3D(1, 0, 0, 0, 1, 0, 0, 0, 1, 0, 0.0848805, 0)
shape = SubResource("CylinderShape3D_g2gbb")

[node name="HitInfo" type="Node" parent="." index="4"]
script = ExtResource("6_u6dvx")
