[gd_scene load_steps=11 format=3 uid="uid://i0wct16b8g5y"]

[ext_resource type="PackedScene" uid="uid://b4fg85m5t4wuw" path="res://actors/models/character_exercise_01_2024_01_06.glb" id="1_gjkax"]
[ext_resource type="Script" path="res://actors/models/humanoid_model.gd" id="2_tbpui"]
[ext_resource type="PackedScene" uid="uid://b11i612qmwnqp" path="res://actors/models/weapon_gauntlet.tscn" id="3_4e873"]
[ext_resource type="PackedScene" uid="uid://seggs0vb84xb" path="res://actors/models/limb_model.tscn" id="3_kulp1"]
[ext_resource type="Script" path="res://actors/models/hurtbox.gd" id="5_ccxe5"]
[ext_resource type="Script" path="res://game/interactions/hit_info.gd" id="6_u6dvx"]

[sub_resource type="SphereMesh" id="SphereMesh_jjqjs"]
radius = 0.15
height = 0.3

[sub_resource type="SphereShape3D" id="SphereShape3D_i3fwk"]
radius = 0.8

[sub_resource type="SphereShape3D" id="SphereShape3D_xdrfl"]
radius = 0.8

[sub_resource type="SphereShape3D" id="SphereShape3D_5edag"]
radius = 0.6

[node name="character_exercise_01_2024_01_06" instance=ExtResource("1_gjkax")]
script = ExtResource("2_tbpui")

[node name="GeneralSkeleton" parent="Armature" index="0"]
bones/0/rotation = Quaternion(0.0222131, -0.0447855, -0.000996074, 0.998749)
bones/0/scale = Vector3(1, 1, 1)
bones/1/rotation = Quaternion(0.686973, 0.28779, 0.632794, -0.211698)
bones/1/scale = Vector3(1, 1, 1)
bones/4/rotation = Quaternion(0.754772, 0.653055, 0.0619549, -1.1352e-07)
bones/4/scale = Vector3(1, 1, 1)
bones/5/rotation = Quaternion(0.199879, 0.043891, -0.00896287, 0.978796)
bones/6/rotation = Quaternion(0.0324898, 7.028e-08, 1.55215e-08, 0.999472)
bones/6/scale = Vector3(1, 1, 1)
bones/7/rotation = Quaternion(-0.221473, -7.69075e-10, -1.085e-07, 0.975166)
bones/7/scale = Vector3(1, 1, 1)
bones/8/rotation = Quaternion(0.0355527, -0.136195, -0.779216, 0.610745)
bones/8/scale = Vector3(1, 1, 1)
bones/9/rotation = Quaternion(-0.141229, -0.0240518, 0.120556, 0.982315)
bones/10/rotation = Quaternion(0.0963811, 1.17819e-07, 0.026081, 0.995003)
bones/10/scale = Vector3(1, 1, 1)
bones/11/rotation = Quaternion(0.0735652, 3.37422e-08, 0.0199069, 0.997092)
bones/13/rotation = Quaternion(0.0355524, 0.136195, 0.779216, 0.610744)
bones/14/rotation = Quaternion(-0.141229, 0.0240517, -0.120556, 0.982315)
bones/15/rotation = Quaternion(0.0963811, -1.17819e-07, -0.026081, 0.995003)
bones/15/scale = Vector3(1, 1, 1)
bones/16/rotation = Quaternion(0.0735652, -1.02686e-07, -0.019907, 0.997092)
bones/17/rotation = Quaternion(0.392523, -0.50784, -0.452982, 0.618735)
bones/17/scale = Vector3(1, 1, 1)
bones/18/scale = Vector3(1, 1, 1)
bones/19/rotation = Quaternion(-0.35212, -0.0241854, -0.029148, 0.935188)
bones/19/scale = Vector3(1, 1, 1)
bones/20/rotation = Quaternion(-0.00594533, -0.000718215, -0.0793704, 0.996827)
bones/20/scale = Vector3(1, 1, 1)
bones/23/scale = Vector3(1, 1, 1)
bones/27/scale = Vector3(1, 1, 1)

[node name="meshes" type="Node3D" parent="." index="2"]

[node name="MidBack" type="BoneAttachment3D" parent="meshes" index="0"]
transform = Transform3D(0.995987, 2.56114e-09, -0.0895032, -0.00397931, 0.999011, -0.0442815, 0.0894148, 0.0444599, 0.995001, 0, 0.934251, 0.0293214)
bone_name = "MidBack"
bone_idx = 0
use_external_skeleton = true
external_skeleton = NodePath("../../Armature/GeneralSkeleton")

[node name="limb_model2" parent="meshes/MidBack" index="0" instance=ExtResource("3_kulp1")]
transform = Transform3D(0.076905, 0, 0, 0, 0.341807, 0, 0, 0, 0.0922751, 0.0114918, 0.134764, 0.000793076)
skeleton = NodePath("../../UpperLeg_R")

[node name="UpperLeg_R" type="BoneAttachment3D" parent="meshes" index="1"]
transform = Transform3D(-0.0802918, 0.00101787, -0.996771, -0.0118208, -0.99993, -6.88732e-05, -0.996701, 0.0117771, 0.0802981, -0.130108, 0.751006, 0.0487643)
bone_name = "UpperLeg.R"
bone_idx = 19
use_external_skeleton = true
external_skeleton = NodePath("../../Armature/GeneralSkeleton")

[node name="limb_model" parent="meshes/UpperLeg_R" index="0" instance=ExtResource("3_kulp1")]
transform = Transform3D(0.076905, 0, 0, 0, 0.341807, 0, 0, 0, 0.0922751, -5.92813e-09, 0.18461, 2.88516e-09)

[node name="LowerLeg_R" type="BoneAttachment3D" parent="meshes" index="2"]
transform = Transform3D(-0.0818091, 1.41561e-07, -0.996648, 0.146546, -0.989131, -0.0120292, -0.985815, -0.147038, 0.0809198, -0.12971, 0.359669, 0.0533735)
bone_name = "LowerLeg.R"
bone_idx = 20
use_external_skeleton = true
external_skeleton = NodePath("../../Armature/GeneralSkeleton")

[node name="limb_model" parent="meshes/LowerLeg_R" index="0" instance=ExtResource("3_kulp1")]
transform = Transform3D(0.0996622, 0, 0, 0, 0.333452, 0, 0, 0, 0.0996622, 8.3545e-09, 0.185774, 0)

[node name="UpperLeg_L" type="BoneAttachment3D" parent="meshes" index="3"]
transform = Transform3D(-0.0802919, -0.00101811, 0.996771, 0.0118207, -0.99993, -6.90222e-05, 0.996701, 0.0117771, 0.0802982, 0.130108, 0.751006, 0.0487644)
bone_name = "UpperLeg.L"
bone_idx = 2
use_external_skeleton = true
external_skeleton = NodePath("../../Armature/GeneralSkeleton")

[node name="limb_model2" parent="meshes/UpperLeg_L" index="0" instance=ExtResource("3_kulp1")]
transform = Transform3D(0.076905, 0, 0, 0, 0.341807, 0, 0, 0, 0.0922751, 0, 0.183369, 9.61719e-10)
skeleton = NodePath("../../UpperLeg_R")

[node name="LowerLeg_L" type="BoneAttachment3D" parent="meshes" index="4"]
transform = Transform3D(-0.0818094, -3.64147e-07, 0.996648, -0.146546, -0.989131, -0.0120294, 0.985815, -0.147038, 0.08092, 0.12971, 0.359669, 0.0533735)
bone_name = "LowerLeg.L"
bone_idx = 3
use_external_skeleton = true
external_skeleton = NodePath("../../Armature/GeneralSkeleton")

[node name="limb_model" parent="meshes/LowerLeg_L" index="0" instance=ExtResource("3_kulp1")]
transform = Transform3D(0.0996622, 0, 0, 9.31323e-10, 0.333452, -3.7835e-10, 1.16415e-10, -1.74623e-10, 0.0996622, -2.98023e-08, 0.187242, 7.45058e-09)

[node name="UpperNeck" type="BoneAttachment3D" parent="meshes" index="5"]
transform = Transform3D(1, -5.55008e-09, 5.02942e-07, 3.67248e-08, 0.997842, -0.0656479, -4.68752e-07, 0.0656478, 0.997842, 4.7087e-10, 1.38375, 0.112106)
bone_name = "UpperNeck"
bone_idx = 7
use_external_skeleton = true
external_skeleton = NodePath("../../Armature/GeneralSkeleton")

[node name="MeshInstance3D" type="MeshInstance3D" parent="meshes/UpperNeck" index="0"]
transform = Transform3D(1, 0, 0, 0, 1, 0, 0, 0, 1, -4.65661e-10, 0.151682, 0)
mesh = SubResource("SphereMesh_jjqjs")

[node name="arm_upper_l" type="BoneAttachment3D" parent="meshes" index="6"]
transform = Transform3D(-0.0172427, 0.997819, 0.0637194, -0.965282, -1.49012e-07, -0.261208, -0.260638, -0.066011, 0.963177, 0.206585, 1.27703, 0.119817)
bone_name = "Arm.Upper.L"
bone_idx = 9
use_external_skeleton = true
external_skeleton = NodePath("../../Armature/GeneralSkeleton")

[node name="limb_model" parent="meshes/arm_upper_l" index="0" instance=ExtResource("3_kulp1")]
transform = Transform3D(0.1, 0, 0, 0, 0.302256, 0, 0, 0, 0.1, 1.11759e-09, 0.13484, -7.45058e-10)

[node name="arm_upper_r" type="BoneAttachment3D" parent="meshes" index="7"]
transform = Transform3D(-0.017243, -0.997819, -0.0637193, 0.965282, -3.42727e-07, -0.261208, 0.260639, -0.0660112, 0.963177, -0.206585, 1.27703, 0.119817)
bone_name = "Arm.Upper.R"
bone_idx = 14
use_external_skeleton = true
external_skeleton = NodePath("../../Armature/GeneralSkeleton")

[node name="limb_model" parent="meshes/arm_upper_r" index="0" instance=ExtResource("3_kulp1")]
transform = Transform3D(0.1, 0, 0, 0, 0.302256, 0, 0, 0, 0.1, 1.11759e-09, 0.13484, -7.45058e-10)

[node name="arm_lower_l" type="BoneAttachment3D" parent="meshes" index="8"]
transform = Transform3D(0.0348892, 0.99104, -0.128932, -0.965282, -1.2666e-07, -0.261208, -0.258868, 0.133569, 0.956633, 0.47441, 1.27703, 0.102099)
bone_name = "Arm.Lower.L"
bone_idx = 10
use_external_skeleton = true
external_skeleton = NodePath("../../Armature/GeneralSkeleton")

[node name="limb_model" parent="meshes/arm_lower_l" index="0" instance=ExtResource("3_kulp1")]
transform = Transform3D(0.1, 0, 0, 0, 0.25, 0, 0, 0, 0.1, 1.11759e-09, 0.13484, -7.45058e-10)

[node name="arm_upper_r2" type="BoneAttachment3D" parent="meshes" index="9"]
transform = Transform3D(0.034889, -0.991039, 0.128932, 0.965282, -4.02331e-07, -0.261208, 0.258868, 0.133569, 0.956633, -0.47441, 1.27703, 0.102099)
bone_name = "Arm.Lower.R"
bone_idx = 15
use_external_skeleton = true
external_skeleton = NodePath("../../Armature/GeneralSkeleton")

[node name="limb_model" parent="meshes/arm_upper_r2" index="0" instance=ExtResource("3_kulp1")]
transform = Transform3D(0.1, 0, 0, 0, 0.25, 0, 0, 0, 0.1, 1.11759e-09, 0.13484, -7.45058e-10)

[node name="hand_l" type="BoneAttachment3D" parent="meshes" index="10"]
transform = Transform3D(0.0738264, 0.959228, -0.272822, -0.965282, -1.60187e-07, -0.261208, -0.250558, 0.282634, 0.925925, 0.74577, 1.27703, 0.138672)
bone_name = "Hand.L"
bone_idx = 11
use_external_skeleton = true
external_skeleton = NodePath("../../Armature/GeneralSkeleton")

[node name="weapon_gauntlet" parent="meshes/hand_l" index="0" instance=ExtResource("3_4e873")]
transform = Transform3D(1, 0, 0, 0, 1, 0, 1.49012e-08, 0, 1, 0, 0.103306, 7.45058e-09)

[node name="hand_r" type="BoneAttachment3D" parent="meshes" index="11"]
transform = Transform3D(0.0738261, -0.959228, 0.272822, 0.965282, -4.4331e-07, -0.261209, 0.250559, 0.282634, 0.925925, -0.74577, 1.27703, 0.138672)
bone_name = "Hand.R"
bone_idx = 16
use_external_skeleton = true
external_skeleton = NodePath("../../Armature/GeneralSkeleton")

[node name="weapon_gauntlet" parent="meshes/hand_r" index="0" instance=ExtResource("3_4e873")]
transform = Transform3D(1, 0, -1.49012e-08, 0, 1, 0, 1.49012e-08, 0, 1, 1.11759e-08, 0.134162, 2.11876e-08)
skeleton = NodePath("../../arm_upper_l")

[node name="hitboxes" type="Node3D" parent="." index="3"]

[node name="hand_l" type="BoneAttachment3D" parent="hitboxes" index="0"]
transform = Transform3D(0.0738264, 0.959228, -0.272822, -0.965282, -1.60187e-07, -0.261208, -0.250558, 0.282634, 0.925925, 0.74577, 1.27703, 0.138672)
bone_name = "Hand.L"
bone_idx = 11
use_external_skeleton = true
external_skeleton = NodePath("../../Armature/GeneralSkeleton")

[node name="Area3D" type="Area3D" parent="hitboxes/hand_l" index="0"]
collision_layer = 16
collision_mask = 8
script = ExtResource("5_ccxe5")

[node name="CollisionShape3D" type="CollisionShape3D" parent="hitboxes/hand_l/Area3D" index="0"]
shape = SubResource("SphereShape3D_i3fwk")

[node name="foot_l" type="BoneAttachment3D" parent="hitboxes" index="1"]
transform = Transform3D(0.0818088, -4.76837e-07, -0.996648, -0.996648, 2.59141e-07, -0.0818089, 2.52388e-07, 0.999999, -3.57628e-07, 0.12971, 0.000625342, 1.2666e-07)
bone_name = "Foot.L"
bone_idx = 4
use_external_skeleton = true
external_skeleton = NodePath("../../Armature/GeneralSkeleton")

[node name="Area3D" type="Area3D" parent="hitboxes/foot_l" index="0"]
collision_layer = 16
collision_mask = 8
script = ExtResource("5_ccxe5")

[node name="CollisionShape3D" type="CollisionShape3D" parent="hitboxes/foot_l/Area3D" index="0"]
shape = SubResource("SphereShape3D_i3fwk")
disabled = true

[node name="foot_r" type="BoneAttachment3D" parent="hitboxes" index="2"]
transform = Transform3D(0.0818093, -1.19209e-07, 0.996648, 0.996648, 3.42901e-07, -0.0818093, -3.12924e-07, 1, 2.5332e-07, -0.12971, 0.00062564, 1.19209e-07)
bone_name = "Foot.R"
bone_idx = 21
use_external_skeleton = true
external_skeleton = NodePath("../../Armature/GeneralSkeleton")

[node name="Area3D" type="Area3D" parent="hitboxes/foot_r" index="0"]
collision_layer = 16
collision_mask = 8
script = ExtResource("5_ccxe5")

[node name="CollisionShape3D" type="CollisionShape3D" parent="hitboxes/foot_r/Area3D" index="0"]
shape = SubResource("SphereShape3D_xdrfl")

[node name="hand_r" type="BoneAttachment3D" parent="hitboxes" index="3"]
transform = Transform3D(0.0738261, -0.959228, 0.272822, 0.965282, -4.4331e-07, -0.261209, 0.250559, 0.282634, 0.925925, -0.74577, 1.27703, 0.138672)
bone_name = "Hand.R"
bone_idx = 16
use_external_skeleton = true
external_skeleton = NodePath("../../Armature/GeneralSkeleton")

[node name="Area3D" type="Area3D" parent="hitboxes/hand_r" index="0"]
collision_layer = 16
collision_mask = 8
script = ExtResource("5_ccxe5")

[node name="CollisionShape3D" type="CollisionShape3D" parent="hitboxes/hand_r/Area3D" index="0"]
shape = SubResource("SphereShape3D_5edag")

[node name="HitInfo" type="Node" parent="." index="4"]
script = ExtResource("6_u6dvx")
