[gd_scene load_steps=15 format=3 uid="uid://i0wct16b8g5y"]

[ext_resource type="PackedScene" uid="uid://b4fg85m5t4wuw" path="res://actors/models/character_exercise_01_2024_01_06.glb" id="1_gjkax"]
[ext_resource type="Script" path="res://actors/models/humanoid_model.gd" id="2_tbpui"]
[ext_resource type="PackedScene" uid="uid://b11i612qmwnqp" path="res://actors/models/weapon_gauntlet.tscn" id="3_4e873"]
[ext_resource type="PackedScene" uid="uid://seggs0vb84xb" path="res://actors/models/limb_model.tscn" id="3_kulp1"]
[ext_resource type="Script" path="res://actors/models/hurtbox.gd" id="5_ccxe5"]
[ext_resource type="PackedScene" uid="uid://dho0rxobt3qqm" path="res://actors/components/attack_indicator_sphere.tscn" id="6_kbpha"]
[ext_resource type="Shape3D" uid="uid://coubyfjhgcfdo" path="res://actors/models/humanoid_limb_hurtbox_shape.tres" id="6_p1dqm"]
[ext_resource type="Script" path="res://game/interactions/hit_info.gd" id="6_u6dvx"]

[sub_resource type="BoxMesh" id="BoxMesh_e8iew"]

[sub_resource type="SphereMesh" id="SphereMesh_jjqjs"]
radius = 0.15
height = 0.3

[sub_resource type="CylinderMesh" id="CylinderMesh_yn1t5"]
top_radius = 0.08
bottom_radius = 0.12
height = 0.2

[sub_resource type="SphereMesh" id="SphereMesh_5roqc"]

[sub_resource type="StandardMaterial3D" id="StandardMaterial3D_8aetl"]
shading_mode = 0

[sub_resource type="CylinderShape3D" id="CylinderShape3D_g2gbb"]
height = 1.74462
radius = 1.06518

[node name="character_exercise_01_2024_01_06" instance=ExtResource("1_gjkax")]
script = ExtResource("2_tbpui")

[node name="GeneralSkeleton" parent="Armature" index="0"]
bones/0/position = Vector3(0.0573546, 0.407283, 0.244889)
bones/0/rotation = Quaternion(0.0822893, 0.9151, -0.382184, 0.0987739)
bones/0/scale = Vector3(1, 1, 1)
bones/1/rotation = Quaternion(0.686973, 0.28779, 0.632794, -0.211698)
bones/1/scale = Vector3(1, 1, 1)
bones/2/rotation = Quaternion(-0.417331, -0.742231, -0.147641, 0.50312)
bones/3/rotation = Quaternion(-0.0656803, 0.000343203, 0.876835, 0.476284)
bones/4/rotation = Quaternion(0.754772, 0.653055, 0.0619548, -1.26319e-07)
bones/4/scale = Vector3(1, 1, 1)
bones/5/rotation = Quaternion(0.199879, 0.0438909, -0.00896286, 0.978796)
bones/6/rotation = Quaternion(0.0324898, 7.028e-08, 1.55215e-08, 0.999472)
bones/6/scale = Vector3(1, 1, 1)
bones/7/rotation = Quaternion(-0.221473, -5.7928e-10, -1.12581e-07, 0.975166)
bones/7/scale = Vector3(1, 1, 1)
bones/8/rotation = Quaternion(0.0355527, -0.136195, -0.779216, 0.610745)
bones/8/scale = Vector3(1, 1, 1)
bones/9/rotation = Quaternion(0.480294, -0.44434, -0.215882, 0.724759)
bones/10/rotation = Quaternion(0.00296271, 1.11526e-07, 0.000801713, 0.999995)
bones/10/scale = Vector3(1, 1, 1)
bones/11/rotation = Quaternion(0.36429, 0.537067, 0.296858, 0.700519)
bones/13/rotation = Quaternion(0.0355524, 0.136195, 0.779216, 0.610745)
bones/14/rotation = Quaternion(0.68872, 0.298902, 0.215824, 0.624294)
bones/15/rotation = Quaternion(0.00306578, -1.1432e-07, -0.000829611, 0.999995)
bones/15/scale = Vector3(1, 1, 1)
bones/16/rotation = Quaternion(0.2842, -0.626357, -0.288993, 0.665876)
bones/17/rotation = Quaternion(0.392523, -0.50784, -0.452982, 0.618735)
bones/17/scale = Vector3(1, 1, 1)
bones/18/rotation = Quaternion(-0.627579, 0.305583, 0.691741, 0.185091)
bones/18/scale = Vector3(1, 1, 1)
bones/19/rotation = Quaternion(-0.0835952, 0.633705, -0.668568, 0.380062)
bones/19/scale = Vector3(1, 1, 1)
bones/20/rotation = Quaternion(-0.000185577, -0.000720499, -0.00247748, 0.999997)
bones/20/scale = Vector3(1, 1, 1)
bones/21/rotation = Quaternion(0.857841, -0.51305, -0.016984, 0.0244969)
bones/22/position = Vector3(-0.436652, 0.492161, 0.282622)
bones/22/rotation = Quaternion(0.476351, 0.513625, 0.570268, 0.429038)
bones/23/position = Vector3(-0.408913, 0.641723, 0.925012)
bones/23/scale = Vector3(1, 1, 1)
bones/24/position = Vector3(0.117419, 4.63255e-05, 0.316124)
bones/25/position = Vector3(-0.27185, 0.00702345, -0.523573)
bones/26/position = Vector3(0.809407, 0.384219, 1.28734)
bones/26/rotation = Quaternion(-0.476351, 0.513625, 0.570268, -0.429038)
bones/27/position = Vector3(0.484616, 0.607001, 0.395349)
bones/27/scale = Vector3(1, 1, 1)
bones/28/position = Vector3(-0.496157, 0.101929, 0.896874)
bones/29/position = Vector3(0.175906, 0.00215113, -0.551552)

[node name="meshes" type="Node3D" parent="." index="2"]

[node name="MidBack" type="BoneAttachment3D" parent="meshes" index="0"]
transform = Transform3D(-0.966944, 0.226105, 0.117877, 0.0751062, 0.694328, -0.715729, -0.243675, -0.683217, -0.688358, 0.0573546, 0.407283, 0.244889)
bone_name = "MidBack"
bone_idx = 0
use_external_skeleton = true
external_skeleton = NodePath("../../Armature/GeneralSkeleton")

[node name="limb_model2" parent="meshes/MidBack" index="0" instance=ExtResource("3_kulp1")]
transform = Transform3D(0.076905, 0, 0, 0, 0.341807, 0, 0, 0, 0.0922751, 0.0114918, 0.134764, 0.000793076)
mesh = SubResource("BoxMesh_e8iew")
skeleton = NodePath("../../UpperLeg_R")

[node name="UpperLeg_R" type="BoneAttachment3D" parent="meshes" index="1"]
transform = Transform3D(-0.61239, -0.761464, -0.212487, -0.13016, -0.167998, 0.977157, -0.779767, 0.626058, 0.00376884, 0.143684, 0.243241, 0.373428)
bone_name = "UpperLeg.R"
bone_idx = 19
use_external_skeleton = true
external_skeleton = NodePath("../../Armature/GeneralSkeleton")

[node name="limb_model" parent="meshes/UpperLeg_R" index="0" instance=ExtResource("3_kulp1")]
transform = Transform3D(0.076905, 0, 0, 0, 0.341807, 0, 0, 0, 0.0922751, -5.92813e-09, 0.18461, 2.88516e-09)
mesh = SubResource("BoxMesh_e8iew")

[node name="LowerLeg_R" type="BoneAttachment3D" parent="meshes" index="2"]
transform = Transform3D(-0.608916, -0.764411, -0.21189, -0.127916, -0.169001, 0.97728, -0.782854, 0.622185, 0.00512635, -0.154325, 0.177492, 0.618445)
bone_name = "LowerLeg.R"
bone_idx = 20
use_external_skeleton = true
external_skeleton = NodePath("../../Armature/GeneralSkeleton")

[node name="limb_model" parent="meshes/LowerLeg_R" index="0" instance=ExtResource("3_kulp1")]
transform = Transform3D(0.0996622, 0, 0, 0, 0.333452, 0, 0, 0, 0.0996622, 8.3545e-09, 0.185774, 0)
mesh = SubResource("BoxMesh_e8iew")

[node name="UpperLeg_L" type="BoneAttachment3D" parent="meshes" index="3"]
transform = Transform3D(-0.905085, -0.282161, -0.31813, 0.357953, -0.909401, -0.211801, -0.229546, -0.305574, 0.924085, -0.109666, 0.279375, 0.326306)
bone_name = "UpperLeg.L"
bone_idx = 2
use_external_skeleton = true
external_skeleton = NodePath("../../Armature/GeneralSkeleton")

[node name="limb_model2" parent="meshes/UpperLeg_L" index="0" instance=ExtResource("3_kulp1")]
transform = Transform3D(0.076905, 0, 0, 0, 0.341807, 0, 0, 0, 0.0922751, 0, 0.183369, 9.61719e-10)
mesh = SubResource("BoxMesh_e8iew")
skeleton = NodePath("../../UpperLeg_R")

[node name="LowerLeg_L" type="BoneAttachment3D" parent="meshes" index="4"]
transform = Transform3D(0.287732, 0.929867, -0.229255, -0.92753, 0.210942, -0.308531, -0.238533, 0.301415, 0.923175, -0.220094, -0.0765315, 0.206715)
bone_name = "LowerLeg.L"
bone_idx = 3
use_external_skeleton = true
external_skeleton = NodePath("../../Armature/GeneralSkeleton")

[node name="limb_model" parent="meshes/LowerLeg_L" index="0" instance=ExtResource("3_kulp1")]
transform = Transform3D(0.0996622, 0, 0, 9.31323e-10, 0.333452, -3.7835e-10, 1.16415e-10, -1.74623e-10, 0.0996622, -2.98023e-08, 0.187242, 7.45058e-09)
mesh = SubResource("BoxMesh_e8iew")

[node name="UpperNeck" type="BoneAttachment3D" parent="meshes" index="5"]
transform = Transform3D(-0.973614, 0.226709, 0.0260539, 0.138865, 0.679188, -0.720708, -0.181087, -0.698073, -0.692749, 0.161655, 0.67734, -0.108793)
bone_name = "UpperNeck"
bone_idx = 7
use_external_skeleton = true
external_skeleton = NodePath("../../Armature/GeneralSkeleton")

[node name="MeshInstance3D" type="MeshInstance3D" parent="meshes/UpperNeck" index="0"]
transform = Transform3D(1, 0, 0, 0, 1, 0, 0, 0, 1, -4.65661e-10, 0.151682, 0)
mesh = SubResource("SphereMesh_jjqjs")

[node name="arm_upper_l" type="BoneAttachment3D" parent="meshes" index="6"]
transform = Transform3D(0.824071, -0.26637, 0.499954, -0.486101, -0.785682, 0.382635, 0.290883, -0.558347, -0.77694, -0.063122, 0.623455, -0.0824051)
bone_name = "Arm.Upper.L"
bone_idx = 9
use_external_skeleton = true
external_skeleton = NodePath("../../Armature/GeneralSkeleton")

[node name="limb_model" parent="meshes/arm_upper_l" index="0" instance=ExtResource("3_kulp1")]
transform = Transform3D(0.1, 0, 0, 0, 0.302256, 0, 0, 0, 0.1, 1.11759e-09, 0.13484, -7.45058e-10)
mesh = SubResource("BoxMesh_e8iew")

[node name="arm_upper_r" type="BoneAttachment3D" parent="meshes" index="7"]
transform = Transform3D(0.937016, -0.203865, -0.283621, 0.0595124, -0.706944, 0.704761, -0.34418, -0.677251, -0.650285, 0.339146, 0.56608, -0.00758531)
bone_name = "Arm.Upper.R"
bone_idx = 14
use_external_skeleton = true
external_skeleton = NodePath("../../Armature/GeneralSkeleton")

[node name="limb_model" parent="meshes/arm_upper_r" index="0" instance=ExtResource("3_kulp1")]
transform = Transform3D(0.1, 0, 0, 0, 0.302256, 0, 0, 0, 0.1, 1.11759e-09, 0.13484, -7.45058e-10)
mesh = SubResource("BoxMesh_e8iew")

[node name="arm_lower_l" type="BoneAttachment3D" parent="meshes" index="8"]
transform = Transform3D(0.823645, -0.264724, 0.501528, -0.487359, -0.78262, 0.387281, 0.289983, -0.563406, -0.773617, -0.134618, 0.412569, -0.232271)
bone_name = "Arm.Lower.L"
bone_idx = 10
use_external_skeleton = true
external_skeleton = NodePath("../../Armature/GeneralSkeleton")

[node name="limb_model" parent="meshes/arm_lower_l" index="0" instance=ExtResource("3_kulp1")]
transform = Transform3D(0.1, 0, 0, 0, 0.25, 0, 0, 0, 0.1, 1.11759e-09, 0.13484, -7.45058e-10)
mesh = SubResource("BoxMesh_e8iew")

[node name="arm_upper_r2" type="BoneAttachment3D" parent="meshes" index="9"]
transform = Transform3D(0.937354, -0.204045, -0.282371, 0.0606819, -0.70251, 0.709082, -0.343053, -0.681795, -0.646119, 0.284426, 0.376328, -0.189366)
bone_name = "Arm.Lower.R"
bone_idx = 15
use_external_skeleton = true
external_skeleton = NodePath("../../Armature/GeneralSkeleton")

[node name="limb_model" parent="meshes/arm_upper_r2" index="0" instance=ExtResource("3_kulp1")]
transform = Transform3D(0.1, 0, 0, 0, 0.25, 0, 0, 0, 0.1, 1.11759e-09, 0.13484, -7.45058e-10)
mesh = SubResource("BoxMesh_e8iew")

[node name="hand_l" type="BoneAttachment3D" parent="meshes" index="10"]
transform = Transform3D(-0.279257, 0.247814, 0.927687, -0.959696, -0.103817, -0.26116, 0.0315904, -0.963229, 0.266818, -0.207103, 0.198277, -0.38654)
bone_name = "Hand.L"
bone_idx = 11
use_external_skeleton = true
external_skeleton = NodePath("../../Armature/GeneralSkeleton")

[node name="weapon_gauntlet" parent="meshes/hand_l" index="0" instance=ExtResource("3_4e873")]
transform = Transform3D(1, 0, 0, 0, 1, 0, 1.49012e-08, 0, 1, 0, 0.103306, 7.45058e-09)
mesh = SubResource("CylinderMesh_yn1t5")

[node name="hand_r" type="BoneAttachment3D" parent="meshes" index="11"]
transform = Transform3D(0.0073109, -0.319061, -0.947706, 0.998419, 0.0551476, -0.0108643, 0.0557302, -0.946128, 0.318959, 0.228556, 0.183971, -0.376052)
bone_name = "Hand.R"
bone_idx = 16
use_external_skeleton = true
external_skeleton = NodePath("../../Armature/GeneralSkeleton")

[node name="weapon_gauntlet" parent="meshes/hand_r" index="0" instance=ExtResource("3_4e873")]
transform = Transform3D(1, 0, -1.49012e-08, 0, 1, 0, 1.49012e-08, 0, 1, 1.11759e-08, 0.134162, 2.11876e-08)
mesh = SubResource("CylinderMesh_yn1t5")
skeleton = NodePath("../../arm_upper_l")

[node name="hitboxes" type="Node3D" parent="." index="3"]

[node name="hand_l" type="BoneAttachment3D" parent="hitboxes" index="0"]
transform = Transform3D(-0.279257, 0.247814, 0.927687, -0.959696, -0.103817, -0.26116, 0.0315904, -0.963229, 0.266818, -0.207103, 0.198277, -0.38654)
bone_name = "Hand.L"
bone_idx = 11
use_external_skeleton = true
external_skeleton = NodePath("../../Armature/GeneralSkeleton")

[node name="Area3D" type="Area3D" parent="hitboxes/hand_l" index="0"]
collision_layer = 16
collision_mask = 8
script = ExtResource("5_ccxe5")
limb = 1

[node name="CollisionShape3D" type="CollisionShape3D" parent="hitboxes/hand_l/Area3D" index="0"]
shape = ExtResource("6_p1dqm")

[node name="AttackIndicatorSphere" parent="hitboxes/hand_l/Area3D" index="1" instance=ExtResource("6_kbpha")]
mesh = SubResource("SphereMesh_5roqc")
surface_material_override/0 = SubResource("StandardMaterial3D_8aetl")

[node name="hand_r" type="BoneAttachment3D" parent="hitboxes" index="1"]
transform = Transform3D(0.0073109, -0.319061, -0.947706, 0.998419, 0.0551476, -0.0108643, 0.0557302, -0.946128, 0.318959, 0.228556, 0.183971, -0.376052)
bone_name = "Hand.R"
bone_idx = 16
use_external_skeleton = true
external_skeleton = NodePath("../../Armature/GeneralSkeleton")

[node name="Area3D" type="Area3D" parent="hitboxes/hand_r" index="0"]
transform = Transform3D(1, -2.98023e-08, -2.98023e-08, 2.98023e-08, 1, 5.96046e-08, 0, 0, 1, 0, 0, 0)
collision_layer = 16
collision_mask = 8
script = ExtResource("5_ccxe5")
limb = 2

[node name="CollisionShape3D" type="CollisionShape3D" parent="hitboxes/hand_r/Area3D" index="0"]
shape = ExtResource("6_p1dqm")

[node name="AttackIndicatorSphere" parent="hitboxes/hand_r/Area3D" index="1" instance=ExtResource("6_kbpha")]
mesh = SubResource("SphereMesh_5roqc")
surface_material_override/0 = SubResource("StandardMaterial3D_8aetl")

[node name="foot_l" type="BoneAttachment3D" parent="hitboxes" index="2"]
transform = Transform3D(0.935335, 0.128373, 0.32965, 0.0498324, -0.970356, 0.236486, 0.350236, -0.204766, -0.914005, 0.117438, 3.80501e-05, 0.316126)
bone_name = "Foot.L"
bone_idx = 4
use_external_skeleton = true
external_skeleton = NodePath("../../Armature/GeneralSkeleton")

[node name="Area3D" type="Area3D" parent="hitboxes/foot_l" index="0"]
transform = Transform3D(1, -2.98023e-08, 0, 2.98023e-08, 1, -1.86265e-08, -1.49012e-08, -1.11759e-08, 1, 0, 0, 0)
collision_layer = 16
collision_mask = 8
script = ExtResource("5_ccxe5")
limb = 3

[node name="CollisionShape3D" type="CollisionShape3D" parent="hitboxes/foot_l/Area3D" index="0"]
shape = ExtResource("6_p1dqm")

[node name="AttackIndicatorSphere" parent="hitboxes/foot_l/Area3D" index="1" instance=ExtResource("6_kbpha")]
mesh = SubResource("SphereMesh_5roqc")
surface_material_override/0 = SubResource("StandardMaterial3D_8aetl")

[node name="foot_r" type="BoneAttachment3D" parent="hitboxes" index="3"]
transform = Transform3D(0.386336, 0.883958, 0.263369, 0.0844859, 0.250424, -0.964443, -0.918481, 0.39485, 0.0220657, -0.431798, 0.116147, 0.844291)
bone_name = "Foot.R"
bone_idx = 21
use_external_skeleton = true
external_skeleton = NodePath("../../Armature/GeneralSkeleton")

[node name="Area3D" type="Area3D" parent="hitboxes/foot_r" index="0"]
transform = Transform3D(1, -2.98023e-08, 0, 2.98023e-08, 1, -1.86265e-08, -1.49012e-08, -1.11759e-08, 1, 0, 0, 0)
collision_layer = 16
collision_mask = 8
script = ExtResource("5_ccxe5")
limb = 4

[node name="CollisionShape3D" type="CollisionShape3D" parent="hitboxes/foot_r/Area3D" index="0"]
shape = ExtResource("6_p1dqm")

[node name="AttackIndicatorSphere" parent="hitboxes/foot_r/Area3D" index="1" instance=ExtResource("6_kbpha")]
mesh = SubResource("SphereMesh_5roqc")
surface_material_override/0 = SubResource("StandardMaterial3D_8aetl")

[node name="launched_aoe" type="Area3D" parent="hitboxes" index="4"]
transform = Transform3D(1, 0, 0, 0, 1, 0, 0, 0, 1, 0, 0.7, 0)
collision_layer = 16
collision_mask = 8
monitoring = false
monitorable = false

[node name="CollisionShape3D" type="CollisionShape3D" parent="hitboxes/launched_aoe" index="0"]
transform = Transform3D(1, 0, 0, 0, 1, 0, 0, 0, 1, 0, 0.0848805, 0)
shape = SubResource("CylinderShape3D_g2gbb")

[node name="HitInfo" type="Node" parent="." index="4"]
script = ExtResource("6_u6dvx")
