[gd_scene load_steps=13 format=3 uid="uid://i0wct16b8g5y"]

[ext_resource type="PackedScene" uid="uid://b4fg85m5t4wuw" path="res://actors/models/character_exercise_01_2024_01_06.glb" id="1_gjkax"]
[ext_resource type="Script" path="res://actors/models/humanoid_model.gd" id="2_tbpui"]
[ext_resource type="PackedScene" uid="uid://b11i612qmwnqp" path="res://actors/models/weapon_gauntlet.tscn" id="3_4e873"]
[ext_resource type="PackedScene" uid="uid://seggs0vb84xb" path="res://actors/models/limb_model.tscn" id="3_kulp1"]
[ext_resource type="Script" path="res://actors/models/hurtbox.gd" id="5_ccxe5"]
[ext_resource type="PackedScene" uid="uid://dho0rxobt3qqm" path="res://actors/components/attack_indicator_sphere.tscn" id="6_kbpha"]
[ext_resource type="Script" path="res://game/interactions/hit_info.gd" id="6_u6dvx"]

[sub_resource type="SphereMesh" id="SphereMesh_jjqjs"]
radius = 0.15
height = 0.3

[sub_resource type="SphereShape3D" id="SphereShape3D_i3fwk"]
radius = 0.8

[sub_resource type="SphereShape3D" id="SphereShape3D_xdrfl"]
radius = 0.8

[sub_resource type="SphereShape3D" id="SphereShape3D_5edag"]
radius = 0.6

[sub_resource type="CylinderShape3D" id="CylinderShape3D_g2gbb"]
height = 1.74462
radius = 1.06518

[node name="character_exercise_01_2024_01_06" instance=ExtResource("1_gjkax")]
script = ExtResource("2_tbpui")

[node name="GeneralSkeleton" parent="Armature" index="0"]
bones/0/position = Vector3(-3.87423e-10, 0.864883, 0.0581675)
bones/0/rotation = Quaternion(0.0207209, -0.444597, 0.00806605, 0.895455)
bones/0/scale = Vector3(1, 1, 1)
bones/1/rotation = Quaternion(0.686973, 0.28779, 0.632794, -0.211699)
bones/1/scale = Vector3(1, 1, 1)
bones/2/rotation = Quaternion(-0.132318, -0.472801, -0.0400416, 0.870257)
bones/3/rotation = Quaternion(-0.0278357, 0.000668693, 0.371608, 0.927972)
bones/4/rotation = Quaternion(0.754772, 0.653055, 0.0619549, -1.23128e-07)
bones/4/scale = Vector3(1, 1, 1)
bones/5/rotation = Quaternion(0.199879, 0.0438909, -0.00896287, 0.978796)
bones/6/rotation = Quaternion(0.0324898, 7.028e-08, 1.55215e-08, 0.999472)
bones/6/scale = Vector3(1, 1, 1)
bones/7/rotation = Quaternion(-0.221473, 2.84799e-09, -1.03736e-07, 0.975166)
bones/7/scale = Vector3(1, 1, 1)
bones/8/rotation = Quaternion(0.0355527, -0.136195, -0.779216, 0.610745)
bones/8/scale = Vector3(1, 1, 1)
bones/9/rotation = Quaternion(0.0763185, -0.265402, -0.252196, 0.927435)
bones/10/rotation = Quaternion(0.586073, 1.30385e-07, 0.158593, 0.794586)
bones/10/scale = Vector3(1, 1, 1)
bones/11/rotation = Quaternion(0.0735652, 2.84463e-08, 0.019907, 0.997092)
bones/13/rotation = Quaternion(0.0355524, 0.136195, 0.779216, 0.610745)
bones/14/rotation = Quaternion(0.162036, -0.43185, 0.261139, 0.847972)
bones/15/rotation = Quaternion(0.700529, -8.00937e-08, -0.189565, 0.687986)
bones/15/scale = Vector3(1, 1, 1)
bones/16/rotation = Quaternion(0.0735652, -1.13277e-07, -0.019907, 0.997092)
bones/17/rotation = Quaternion(0.392523, -0.50784, -0.452982, 0.618735)
bones/17/scale = Vector3(1, 1, 1)
bones/18/rotation = Quaternion(-0.627579, 0.305583, 0.691741, 0.185091)
bones/18/scale = Vector3(1, 1, 1)
bones/19/rotation = Quaternion(-0.213823, 0.158297, 0.108031, 0.957889)
bones/19/scale = Vector3(1, 1, 1)
bones/20/rotation = Quaternion(-0.029154, -0.000663363, -0.389207, 0.920688)
bones/20/scale = Vector3(1, 1, 1)
bones/21/rotation = Quaternion(0.857841, -0.51305, -0.0169839, 0.0244969)
bones/22/position = Vector3(0.116188, 0.34195, 0.554353)
bones/22/rotation = Quaternion(0.476351, 0.513625, 0.570268, 0.429038)
bones/23/position = Vector3(0.544563, 0.937142, -0.0492573)
bones/23/scale = Vector3(1, 1, 1)
bones/24/position = Vector3(0.117419, 4.63255e-05, 0.316124)
bones/25/position = Vector3(0.0095436, 1.08828, 0.667103)
bones/26/position = Vector3(-0.614866, 0.34195, 0.195354)
bones/26/rotation = Quaternion(-0.476351, 0.513625, 0.570268, -0.429038)
bones/27/position = Vector3(-0.669681, 0.887521, -0.555525)
bones/27/scale = Vector3(1, 1, 1)
bones/28/position = Vector3(-0.192244, 4.63255e-05, -0.11638)
bones/29/position = Vector3(-0.283274, 0.862614, 0.0749607)

[node name="meshes" type="Node3D" parent="." index="2"]

[node name="MidBack" type="BoneAttachment3D" parent="meshes" index="0"]
transform = Transform3D(0.604538, -0.0328704, -0.795898, -0.00397927, 0.999011, -0.0442815, 0.796567, 0.0299369, 0.603809, -3.87423e-10, 0.864883, 0.0581675)
bone_name = "MidBack"
bone_idx = 0
use_external_skeleton = true
external_skeleton = NodePath("../../Armature/GeneralSkeleton")

[node name="limb_model2" parent="meshes/MidBack" index="0" instance=ExtResource("3_kulp1")]
transform = Transform3D(0.076905, 0, 0, 0, 0.341807, 0, 0, 0, 0.0922751, 0.0114918, 0.134764, 0.000793076)
skeleton = NodePath("../../UpperLeg_R")

[node name="UpperLeg_R" type="BoneAttachment3D" parent="meshes" index="1"]
transform = Transform3D(0.749644, -0.459511, -0.476322, -0.410998, -0.887317, 0.209163, -0.518761, 0.0389701, -0.85403, -0.101983, 0.681638, -0.0249332)
bone_name = "UpperLeg.R"
bone_idx = 19
use_external_skeleton = true
external_skeleton = NodePath("../../Armature/GeneralSkeleton")

[node name="limb_model" parent="meshes/UpperLeg_R" index="0" instance=ExtResource("3_kulp1")]
transform = Transform3D(0.076905, 0, 0, 0, 0.341807, 0, 0, 0, 0.0922751, -5.92813e-09, 0.18461, 2.88516e-09)

[node name="LowerLeg_R" type="BoneAttachment3D" parent="meshes" index="2"]
transform = Transform3D(0.84044, 0.243093, -0.484321, 0.354408, -0.922672, 0.151889, -0.409946, -0.299301, -0.861605, -0.281819, 0.334374, -0.00968172)
bone_name = "LowerLeg.R"
bone_idx = 20
use_external_skeleton = true
external_skeleton = NodePath("../../Armature/GeneralSkeleton")

[node name="limb_model" parent="meshes/LowerLeg_R" index="0" instance=ExtResource("3_kulp1")]
transform = Transform3D(0.0996622, 0, 0, 0, 0.333452, 0, 0, 0, 0.0996622, 8.3545e-09, 0.185774, 0)

[node name="UpperLeg_L" type="BoneAttachment3D" parent="meshes" index="3"]
transform = Transform3D(0.0268759, 0.102899, 0.994328, 0.551289, -0.831277, 0.0711244, 0.833881, 0.546251, -0.079068, 0.0732332, 0.681638, 0.167452)
bone_name = "UpperLeg.L"
bone_idx = 2
use_external_skeleton = true
external_skeleton = NodePath("../../Armature/GeneralSkeleton")

[node name="limb_model2" parent="meshes/UpperLeg_L" index="0" instance=ExtResource("3_kulp1")]
transform = Transform3D(0.076905, 0, 0, 0, 0.341807, 0, 0, 0, 0.0922751, 0, 0.183369, 9.61719e-10)
skeleton = NodePath("../../UpperLeg_R")

[node name="LowerLeg_L" type="BoneAttachment3D" parent="meshes" index="4"]
transform = Transform3D(0.0686123, 0.00490896, 0.997631, -0.175815, -0.984277, 0.0169351, 0.982029, -0.176561, -0.0666701, 0.113504, 0.356306, 0.381235)
bone_name = "LowerLeg.L"
bone_idx = 3
use_external_skeleton = true
external_skeleton = NodePath("../../Armature/GeneralSkeleton")

[node name="limb_model" parent="meshes/LowerLeg_L" index="0" instance=ExtResource("3_kulp1")]
transform = Transform3D(0.0996622, 0, 0, 9.31323e-10, 0.333452, -3.7835e-10, 1.16415e-10, -1.74623e-10, 0.0996622, -2.98023e-08, 0.187242, 7.45058e-09)

[node name="UpperNeck" type="BoneAttachment3D" parent="meshes" index="5"]
transform = Transform3D(0.673347, -0.048535, -0.737731, 7.02707e-08, 0.997842, -0.0656477, 0.739326, 0.0442035, 0.671894, -0.061205, 1.31438, 0.11391)
bone_name = "UpperNeck"
bone_idx = 7
use_external_skeleton = true
external_skeleton = NodePath("../../Armature/GeneralSkeleton")

[node name="MeshInstance3D" type="MeshInstance3D" parent="meshes/UpperNeck" index="0"]
transform = Transform3D(1, 0, 0, 0, 1, 0, 0, 0, 1, -4.65661e-10, 0.151682, 0)
mesh = SubResource("SphereMesh_jjqjs")

[node name="arm_upper_l" type="BoneAttachment3D" parent="meshes" index="6"]
transform = Transform3D(-0.606835, 0.254382, -0.753021, -0.633448, -0.72704, 0.26487, -0.480098, 0.637733, 0.602331, 0.0721976, 1.20766, 0.271836)
bone_name = "Arm.Upper.L"
bone_idx = 9
use_external_skeleton = true
external_skeleton = NodePath("../../Armature/GeneralSkeleton")

[node name="limb_model" parent="meshes/arm_upper_l" index="0" instance=ExtResource("3_kulp1")]
transform = Transform3D(0.1, 0, 0, 0, 0.302256, 0, 0, 0, 0.1, 1.11759e-09, 0.13484, -7.45058e-10)

[node name="arm_upper_r" type="BoneAttachment3D" parent="meshes" index="7"]
transform = Transform3D(-0.865571, -0.388554, 0.315932, 0.141054, -0.794491, -0.590667, 0.480511, -0.4667, 0.742495, -0.206009, 1.20766, -0.0336315)
bone_name = "Arm.Upper.R"
bone_idx = 14
use_external_skeleton = true
external_skeleton = NodePath("../../Armature/GeneralSkeleton")

[node name="limb_model" parent="meshes/arm_upper_r" index="0" instance=ExtResource("3_kulp1")]
transform = Transform3D(0.1, 0, 0, 0, 0.302256, 0, 0, 0, 0.1, 1.11759e-09, 0.13484, -7.45058e-10)

[node name="arm_lower_l" type="BoneAttachment3D" parent="meshes" index="8"]
transform = Transform3D(-0.652179, -0.481565, -0.585455, -0.735583, 0.215324, 0.642303, -0.183249, 0.849547, -0.494661, 0.140477, 1.01252, 0.44301)
bone_name = "Arm.Lower.L"
bone_idx = 10
use_external_skeleton = true
external_skeleton = NodePath("../../Armature/GeneralSkeleton")

[node name="limb_model" parent="meshes/arm_lower_l" index="0" instance=ExtResource("3_kulp1")]
transform = Transform3D(0.1, 0, 0, 0, 0.25, 0, 0, 0, 0.1, 1.11759e-09, 0.13484, -7.45058e-10)

[node name="arm_upper_r2" type="BoneAttachment3D" parent="meshes" index="9"]
transform = Transform3D(-0.785922, 0.099487, 0.610269, 0.495024, -0.49017, 0.717415, 0.370509, 0.865931, 0.335987, -0.310301, 0.994415, -0.158899)
bone_name = "Arm.Lower.R"
bone_idx = 15
use_external_skeleton = true
external_skeleton = NodePath("../../Armature/GeneralSkeleton")

[node name="limb_model" parent="meshes/arm_upper_r2" index="0" instance=ExtResource("3_kulp1")]
transform = Transform3D(0.1, 0, 0, 0, 0.25, 0, 0, 0, 0.1, 1.11759e-09, 0.13484, -7.45058e-10)

[node name="hand_l" type="BoneAttachment3D" parent="meshes" index="10"]
transform = Transform3D(-0.672494, -0.535968, -0.510382, -0.724571, 0.336251, 0.601608, -0.150827, 0.774385, -0.614475, 0.00861725, 1.07148, 0.675628)
bone_name = "Hand.L"
bone_idx = 11
use_external_skeleton = true
external_skeleton = NodePath("../../Armature/GeneralSkeleton")

[node name="weapon_gauntlet" parent="meshes/hand_l" index="0" instance=ExtResource("3_4e873")]
transform = Transform3D(1, 0, 0, 0, 1, 0, 1.49012e-08, 0, 1, 0, 0.103306, 7.45058e-09)

[node name="hand_r" type="BoneAttachment3D" parent="meshes" index="11"]
transform = Transform3D(-0.791036, 0.15666, 0.591371, 0.51199, -0.359578, 0.780109, 0.334856, 0.91987, 0.204231, -0.28306, 0.8602, 0.0782052)
bone_name = "Hand.R"
bone_idx = 16
use_external_skeleton = true
external_skeleton = NodePath("../../Armature/GeneralSkeleton")

[node name="weapon_gauntlet" parent="meshes/hand_r" index="0" instance=ExtResource("3_4e873")]
transform = Transform3D(1, 0, -1.49012e-08, 0, 1, 0, 1.49012e-08, 0, 1, 1.11759e-08, 0.134162, 2.11876e-08)
skeleton = NodePath("../../arm_upper_l")

[node name="hitboxes" type="Node3D" parent="." index="3"]

[node name="hand_l" type="BoneAttachment3D" parent="hitboxes" index="0"]
transform = Transform3D(-0.672494, -0.535968, -0.510382, -0.724571, 0.336251, 0.601608, -0.150827, 0.774385, -0.614475, 0.00861725, 1.07148, 0.675628)
bone_name = "Hand.L"
bone_idx = 11
use_external_skeleton = true
external_skeleton = NodePath("../../Armature/GeneralSkeleton")

[node name="Area3D" type="Area3D" parent="hitboxes/hand_l" index="0"]
collision_layer = 16
collision_mask = 8
script = ExtResource("5_ccxe5")

[node name="CollisionShape3D" type="CollisionShape3D" parent="hitboxes/hand_l/Area3D" index="0"]
shape = SubResource("SphereShape3D_i3fwk")

[node name="AttackIndicatorSphere" parent="hitboxes/hand_l/Area3D" index="1" instance=ExtResource("6_kbpha")]

[node name="foot_l" type="BoneAttachment3D" parent="hitboxes" index="1"]
transform = Transform3D(0.107703, 0.147645, -0.983158, -0.993234, -0.0272242, -0.112896, -0.0434342, 0.988665, 0.143714, 0.115286, -0.000975549, 0.317145)
bone_name = "Foot.L"
bone_idx = 4
use_external_skeleton = true
external_skeleton = NodePath("../../Armature/GeneralSkeleton")

[node name="Area3D" type="Area3D" parent="hitboxes/foot_l" index="0"]
collision_layer = 16
collision_mask = 8
script = ExtResource("5_ccxe5")

[node name="CollisionShape3D" type="CollisionShape3D" parent="hitboxes/foot_l/Area3D" index="0"]
shape = SubResource("SphereShape3D_i3fwk")
disabled = true

[node name="AttackIndicatorSphere" parent="hitboxes/foot_l/Area3D" index="1" instance=ExtResource("6_kbpha")]

[node name="foot_r" type="BoneAttachment3D" parent="hitboxes" index="2"]
transform = Transform3D(0.185272, -0.882705, 0.431865, 0.979953, 0.133198, -0.148156, 0.073254, 0.450656, 0.889687, -0.193579, -0.000545681, -0.118325)
bone_name = "Foot.R"
bone_idx = 21
use_external_skeleton = true
external_skeleton = NodePath("../../Armature/GeneralSkeleton")

[node name="Area3D" type="Area3D" parent="hitboxes/foot_r" index="0"]
collision_layer = 16
collision_mask = 8
script = ExtResource("5_ccxe5")

[node name="CollisionShape3D" type="CollisionShape3D" parent="hitboxes/foot_r/Area3D" index="0"]
shape = SubResource("SphereShape3D_xdrfl")

[node name="AttackIndicatorSphere" parent="hitboxes/foot_r/Area3D" index="1" instance=ExtResource("6_kbpha")]

[node name="hand_r" type="BoneAttachment3D" parent="hitboxes" index="3"]
transform = Transform3D(-0.791036, 0.15666, 0.591371, 0.51199, -0.359578, 0.780109, 0.334856, 0.91987, 0.204231, -0.28306, 0.8602, 0.0782052)
bone_name = "Hand.R"
bone_idx = 16
use_external_skeleton = true
external_skeleton = NodePath("../../Armature/GeneralSkeleton")

[node name="Area3D" type="Area3D" parent="hitboxes/hand_r" index="0"]
collision_layer = 16
collision_mask = 8
script = ExtResource("5_ccxe5")

[node name="CollisionShape3D" type="CollisionShape3D" parent="hitboxes/hand_r/Area3D" index="0"]
shape = SubResource("SphereShape3D_5edag")

[node name="AttackIndicatorSphere" parent="hitboxes/hand_r/Area3D" index="1" instance=ExtResource("6_kbpha")]

[node name="launched_aoe" type="Area3D" parent="hitboxes" index="4"]
transform = Transform3D(1, 0, 0, 0, 1, 0, 0, 0, 1, 0, 0.7, 0)
collision_layer = 16
collision_mask = 8
monitoring = false
monitorable = false

[node name="CollisionShape3D" type="CollisionShape3D" parent="hitboxes/launched_aoe" index="0"]
transform = Transform3D(1, 0, 0, 0, 1, 0, 0, 0, 1, 0, 0.0848805, 0)
shape = SubResource("CylinderShape3D_g2gbb")

[node name="HitInfo" type="Node" parent="." index="4"]
script = ExtResource("6_u6dvx")
